1408
3760
4832
4288
2288
-480
-3104
-4672
-4672
-3104
-480
2288
4288
4832
3760
1408
-1424
-3776
-4848
-4304
-2304
0464
3088
4656
4656
3088
0464
-2304
-4304
-4848
-3776
-1424
0052
0154
0250
0338
0412
0470
0510
0530
0530
0510
0470
0412
0338
0250
0154
0052
-054
-156
-252
-340
-414
-472
-512
-532
-532
-512
-472
-414
-340
-252
-156
-054
1408
3760
4832
4288
2288
-480
-3104
-4672
-4672
-3104
-480
2288
4288
4832
3760
1408
-1424
-3776
-4848
-4304
-2304
0464
3088
4656
4656
3088
0464
-2304
-4304
-4848
-3776
-1424
0052
0154
0250
0338
0412
0470
0510
0530
0530
0510
0470
0412
0338
0250
0154
0052
-054
-156
-252
-340
-414
-472
-512
-532
-532
-512
-472
-414
-340
-252
-156
-054
1408
3760
4832
4288
2288
-480
-3104
-4672
-4672
-3104
-480
2288
4288
4832
3760
1408
-1424
-3776
-4848
-4304
-2304
0464
3088
4656
4656
3088
0464
-2304
-4304
-4848
-3776
-1424
0052
0154
0250
0338
0412
0470
0510
0530
0530
0510
0470
0412
0338
0250
0154
0052
-054
-156
-252
-340
-414
-472
-512
-532
-532
-512
-472
-414
-340
-252
-156
-054
1408
3760
4832
4288
2288
-480
-3104
-4672
-4672
-3104
-480
2288
4288
4832
3760
1408
-1424
-3776
-4848
-4304
-2304
0464
3088
4656
4656
3088
0464
-2304
-4304
-4848
-3776
-1424
0052
0154
0250
0338
0412
0470
0510
0530
0530
0510
0470
0412
0338
0250
0154
0052
-054
-156
-252
-340
-414
-472
-512
-532
-532
-512
-472
-414
-340
-252
-156
-054
1408
3760
4832
4288
2288
-480
-3104
-4672
-4672
-3104
-480
2288
4288
4832
3760
1408
-1424
-3776
-4848
-4304
-2304
0464
3088
4656
4656
3088
0464
-2304
-4304
-4848
-3776
-1424
0052
0154
0250
0338
0412
0470
0510
0530
0530
0510
0470
0412
0338
0250
0154
0052
-054
-156
-252
-340
-414
-472
-512
-532
-532
-512
-472
-414
-340
-252
-156
-054
