0088 
0235 
0302 
0268 
0143 
-030 
-194 
-292 
-292 
-194 
-030 
0143 
0268 
0302 
0235 
0088 
-089 
-236 
-303 
-269 
-144 
0029 
0193 
0291 
0291 
0193 
0029 
-144 
-269 
-303 
-236 
-089 
0026 
0077 
0125 
0169 
0206 
0235 
0255 
0265 
0265 
0255 
0235 
0206 
0169 
0125 
0077 
0026 
-027 
-078 
-126 
-170 
-207 
-236 
-256 
-266 
-266 
-256 
-236 
-207 
-170 
-126 
-078 
-027 
0088 
0235 
0302 
0268 
0143 
-030 
-194 
-292 
-292 
-194 
-030 
0143 
0268 
0302 
0235 
0088 
-089 
-236 
-303 
-269 
-144 
0029 
0193 
0291 
0291 
0193 
0029 
-144 
-269 
-303 
-236 
-089 
0026 
0077 
0125 
0169 
0206 
0235 
0255 
0265 
0265 
0255 
0235 
0206 
0169 
0125 
0077 
0026 
-027 
-078 
-126 
-170 
-207 
-236 
-256 
-266 
-266 
-256 
-236 
-207 
-170 
-126 
-078 
-027 
0088 
0235 
0302 
0268 
0143 
-030 
-194 
-292 
-292 
-194 
-030 
0143 
0268 
0302 
0235 
0088 
-089 
-236 
-303 
-269 
-144 
0029 
0193 
0291 
0291 
0193 
0029 
-144 
-269 
-303 
-236 
-089 
0026 
0077 
0125 
0169 
0206 
0235 
0255 
0265 
0265 
0255 
0235 
0206 
0169 
0125 
0077 
0026 
-027 
-078 
-126 
-170 
-207 
-236 
-256 
-266 
-266 
-256 
-236 
-207 
-170 
-126 
-078 
-027 
0088 
0235 
0302 
0268 
0143 
-030 
-194 
-292 
-292 
-194 
-030 
0143 
0268 
0302 
0235 
0088 
-089 
-236 
-303 
-269 
-144 
0029 
0193 
0291 
0291 
0193 
0029 
-144 
-269 
-303 
-236 
-089 
0026 
0077 
0125 
0169 
0206 
0235 
0255 
0265 
0265 
0255 
0235 
0206 
0169 
0125 
0077 
0026 
-027 
-078 
-126 
-170 
-207 
-236 
-256 
-266 
-266 
-256 
-236 
-207 
-170 
-126 
-078 
-027 
0088 
0235 
0302 
0268 
0143 
-030 
-194 
-292 
-292 
-194 
-030 
0143 
0268 
0302 
0235 
0088 
-089 
-236 
-303 
-269 
-144 
0029 
0193 
0291 
0291 
0193 
0029 
-144 
-269 
-303 
-236 
-089 
0026 
0077 
0125 
0169 
0206 
0235 
0255 
0265 
0265 
0255 
0235 
0206 
0169 
0125 
0077 
0026 
-027 
-078 
-126 
-170 
-207 
-236 
-256 
-266 
-266 
-256 
-236 
-207 
-170 
-126 
-078 
-027 
